11111111111111111111111111111111111111111111111111111111111111111111111111111111111111111111111111111111111111111111111111111111111111111111111111111111111111111111111111111111111111111111111111111111
11111111111111111111111111111111111111111111111111111111111111111111111111111111111111111111111111111111111111111111111111111111111111111111111111111111111111111111111111111111111111111111111111111111
11111111111111111111111111111111111111111111111111111111111111111111111111111111111111111111111111111111111111111111111111111111111111111111111111111111111111111111111111111111111111111111111111111111
11111111111111111111111111111111111111111111111111111111111111111111111111111111111111111111111111111111111111111111111111111111111111111111111111111111111111111111111111111111111111111111111111111111
11111111111111111111111111111111111111111111111111111111111111111111111111111111111111111111111111111111111111111111111111111111111111111111111111111111111111111111111111111111111111111111111111111111
10000000000000000000000000000000000000000000000000000000000000000000000000000000000000000000000000000000000000000000000000000000000000000000000000000000000000000000000000000000000000000000000000000001																								       
10000000000000000000000000000000000000000000000000000000000000000000000000000000000000000000000000000000000000000000000000000000000000000000000000000000000000000000000000000000000000000000000000000001																								       									
10000000000000000000000000000000000000000000000000000000000000000000000000000000000000000000000000000000000000000000000000000000000000000000000000000000000000000000000000000000000000000000000000000001																								       
10000000000000000000000000000000000000000000000000000000000000000000000000000000000000000000000000000000000000000000000000000000000000000000000000000000000000000000000000000000000000000000000000000001																								       
10000000000000000000000000000000000000000000000000000000000000000000000000000000000000000000000000000000000000000000000000000000000000000000000000000000000000000000000000000000000000000000000000000001																						 		      
10000000000000000000000000000000000000000000000000000000000000000000000000000000000000000000000000000000000000000000000000000000000000000000000000000000000000000000000000000000000000000000000000000001																								       
10000000000000000000000000000000000000000000000000000000000000000000000000000000000000000000000000000000000000000000000000000000000000000000000000000000000000000000000000000000000000000000000000000001																								       
10000000000000000000000000000000000000000000000000000000000000000000000000000000000000000000000000000000000000000000000000000000000000000000000000000000000000000000000000000000000000000000000000000001																								       
10000000000000000000000000000000000000000000000000000000000000000000000000000000000000000000000000000000000000000000000000000000000000000000000000000000000000000000000000000000000000000000000000000001
12222222222222222222222222222222222222222222222222222222222222222222222222222222222222222220000000002222222222222222222222222222222222222222222222222222222222222222222222222222222222222222222222222221
10000000000000000000000000000010000000000000000000000000000010000000001000000001100000000110000000000000000000000000000000000000000000000000000000000100000000000000000001000000000000000000000000000001
10000000000000000000000000000010000000000000000000000000000000000000001000000000000000000110000000000000000000000000000000000000000000000000000000000100000000000000000001000000000000000000000000000001
10000000000000000000200000000010000000002222222222222222222220000000001000000000000000000110000000000000000000222222222222222222222222222222222222222100000000010000000001000000000222222222220000000001
10000000000000000000100000000010000000000000000000000000000010000000000000000001100000000000000000002200000000000000000000000000000000000001100000000000000000010000000001000000000000000000010000000001
10000000000000000000100000000010000000000000000000000000000010000000000000000001100000000000000000001100000000000000000000000000000000000001000000000000000000010000000001000000000000000000010000000001
10000000000000000000100000000010000000000000000000000000000010000000000000000001100000000000000000001100000000000000000000000000000000000001000000000000000000010000000001000000000000000000010000000001
12222222222222222222100000000012222222222222222222000000000012222222222222222221122222222222222222221122222222222222222222222222220000000001000000000222222222210000000001222222222200000000010000000001
10000000000000000000100000000000000000000000000000000000000000000000000000000001100000000000000000000000000001100000000000000000000000000001000000000000000000010000000001000000000000000000010000000001
10000000002220000000100000000000000000000000000000100000000000000000000000000001100000000000000000000000000001100000000000000000000000000001000000000000000000010000000001000000000000000000010000000001
10000000001000000002122222222222222222221000000000100000000022222222222222222221100000022222222222222000000001100000000000000000022222222211222222222200000000010000000001000000000222222222210000000001
10000000001000000000100000000000000000001000000000100000000000000000000000000000000000000000000000011000000001100000022222200000000000000001000000000100000000010000000000000000000100000000000000000001
10000000001000000002100000000000000000001000000000100000000000000000000000000000000000000000000000011000000001100000000110000000000000000001000000000100000000010000000000000000000100000000000000000001
10000000001000000000100000000000000000001000000000120000000000000000000000000000000000000000000000011000000001100000000110000000000000000001000000000100000000010000000000000000000100000000000000000001
10000000001000000000100000000000000000011000000000000000000010000000000000000002220000000000000000011000000000000000000110000000110000000000000000000100000000000000000000000000001100000000000000000011
10000000001000000002100000000000000000001000000000000000000010000000000000000001100000000000000000011000000000000000000110000000110000000000000000000100000000000000000000000000000100000000000000000001
10000000001000000000100000000000000000001000000000000000000010000000000000000001100000000000000000011000000000000000000110000000110000000000000000000100000000000000000000000000000100000000000000000001
10000000001200000002100000000222200000001222222222222220000010000000002222222221100000000022222222211222222222000000000112222000112222222222000000000100000000022222222222222222222122222222220000000001
10000000001000000000100000001010100000001000000000000000000010000000000000000000000000000000000000000000000001100000000110000000110000000000000000000100000000000000000000000000000100000000000000000001
10000000001000000000100002221010122200001000000000000000000010000000000000000000000000000000000000000000000001100000000110000000110000000000000000000100000000000000000000000000000100000000000000000001
10000000001200000002100000000010000000001000000000000000002210000000000000000000000000000000000000000000000001100000000110000000110000000000000000000100000000000000000000000000000100000000000000000001
10000000000000000000000000000010000000001000000000200000000000000000022000000000000000000000000000000000000001100000000112222220000000000000000000000100000000010000000001000000000100000000000000000001
10000000000000000000000000000010000022221000000000100000000000000000001000000000000000000000000000000000000001100000000110000000000000000000000000000100000000010000000001000000000100000000000000000001
10000000000000000000000000000010000110001000000000100000000000000000001000000000000000000000000000000000000001100000000110000000000000000000000000000100000000010000000001000000000100000000000000000001
10000000002222222222222222222210002100001000000000100000000010000000001222222222222222222222222222222000000001100000000112222222222222222222000000000100000000010000000001000000000122222222220000000001
10000000001000000000000000000000000000001000000000000000000010000000001000000000000000000110000000011000000001100000000000000000000000000001000000000000000000010000000000000000000000000000010000000001
10101010101000000000000000000000000000001000000000000000000010000000001000000000000000000110000000011000000001100000000000000000000000000001000000000000000000010000000000000000000000000000010000000001
10000000001000000000000000000000000000001000000000000000000010000000001000000000000000000110000000011000000001100000000000000000000000000001000000000000000000010000000000000000000000000000010000000001
12222222221000000000122222222222222222221222222222222222222212200000001222222222000000000110000000011000000001122222222222222222210000000001222222222222222222212222222222222222222100000000010000000001
10000000000000000000100000000000000000000000000000000000000000000000001000000000000000000110000000000000000001100000000000000000010000000001000000000000000000000000000000000000000100000000010000000001
10000000000000000000100000000000000000000000000000000000000000000000001000000000000000000110000000000000000001100000000000000000010000000001000000000000000000000000000000000000000100000000010000000001
10000000000000000000100000000000000000000000000000000000000000000000001000000000000000000110000000000000000001100000000000000000010000000001000000000000000000000000000000000000000100000000010000000001
10000000002222222222100000000012222222222000000000100000000022222222221000000001100000000112222222222222222221100000000110000000000000000001000000000222222222222222222222222222222100000000010000000001
10000000000000000000000000000010000000000000000000100000000000000000000000000001100000000000000000011000000000000000000110000000000000000001000000000000000000000000000000000000000000000000010000000001
10000000000000000000000000000010000000000000000000100000000000000000000000000001100000000000000000011000000000000000000110000000000000000001000000000000000000000000000000000000000000000000010000000001
11111111111111111111111111111111111111111111111111111111111111111111111111111111111111111111111111111000000001111111111111111111111111111111111111111111111111111111111111111111111111111111111111111111
1																								       1
1																							               1
133333333333333333333333333333333333333333333333333333333333333333333333333333333333333333333333333333333333333333333333333333333333333333333333300000000003333333333333333333333333333333333333333333311111111111111111111111111111111111111111111111111111111111111111111111111111111111111111111111111111
100000000000100000000000000000000000000000000000000000000000000000000000100000000000000000000000000000000001100000000000000000000000000000000000000000000000000000000000000000000001100000000000000000000000000000000000000000000000000000000000000000000000000000000000000000000000000000000001000000000001
100000000000100000000000000000000000000000000000000000000000000000000000100000000000000000000000000000000001100000000000000000000000000000000000000000000000000000000000000000000001100000000000000000000000000000000000000000000000000000000000000000000000000000000000000000000000000000000001000000000001
100000000000100000000000100000000000111111111111111111111111100000000000111111111111111111111111100000000001100000000001111111111111100000000001100000000001111111111111111111111111100000000001111111111111000000000001111111111111111111111111111111111111111111111111111111111111000000000001000000000001
100000000000000000000000100000000000000000000000100000000000100000000000100000000000000000000000000000000001100000000001100000000001100000000001100000000001100000000000000000000001100000000000000000000001000000000000000000000001000000000000000000000001000000000000000000000001000000000001000000000001
100000000000111111111111111111111111100000000000100000000000100000000000100000000000111111111111100000000001100000000001100000000001100000000001100000000001100000000000000000000001111111111111000000000001111111111111000000000001000000000001000000000001000000000001000000000001000000000001000000000001
100000000000100000000000000000000000000000000000100000000000100000000000000000000000100000000000000000000001100000000001100000000001100000000001100000000001100000000001100000000000000000000001100000000000000000000001000000000000000000000001000000000001000000000001000000000001000000000001000000000001
110000000000100000000000000000000000000000000000100000000000100000000000000000000000100000000000000000000001100000000001100000000001100000000001100000000001100000000001100000000000000000000001100000000000000000000001000000000000000000000001000000000001000000000001000000000001000000000001000000000001
111111111111100000000000111111111111111111111111100000000000100000000000111111111111111111111111111111111111100000000001100000000001100000000001111111111111100000000001111111111111000000000001111111111111000000000001111111111111111111111111000000000001000000000001000000000001000000000001000000000001
110000000000000000000000100000000000000000000000100000000000000000000000100000000000000000000000000000000001100000000000000000000001100000000000000000000000000000000001100000000000000000000000000000000001000000000001100000000000000000000000000000000001000000000001000000000001000000000000000000000001
100000000000000000000000100000000000000000000000100000000000000000000000100000000000000000000000000000000001100000000000000000000001100000000000000000000000000000000001100000000000000000000000000000000001000000000001000000000000000000000000000000000001000000000001000000000001000000000000000000000001
100000000000000000000000100000000000000000000000100000000000000000000000100000000000000000000000000000000001100000000000000000000001100000000000000000000000000000000001100000000000000000000000000000000001000000000001000000000000000000000000000000000001000000000001000000000001000000000000000000000001
100000000000100000000000100000000000100000000000111111111111111111111111100000000000111111111111100000000000100000000001111111111111111111111111111111111111100000000001100000000001100000000001111111111111000000000001000000000001111111111111111111111111111111111111000000000001111111111111000000000001
100000000000100000000000100000000000100000000000000000000000000000000000100000000000000000000000100000000000000000000001100000000000000000000000000000000001100000000001100000000001100000000001100000000000000000000001000000000000000000000001000000000000000000000000000000000001000000000000000000000001
100000000000100000000000100000000000110000000000000000000000000000000000100000000000000000000001100000000000000000000001100000000000000000000000000000000001100000000001100000000001100000000001100000000000000000000001100000000000000000000001000000000000000000000000000000000011000000000000000000000011
100000000000100000000000100000000000111111111111111111111111100000000000100000000000111111111111111111111111100000000001100000000000111111111111100000000001111111111111000000000001100000000001100000000001111111111111111111111111000000000001000000000001111111111111111111111111000000000001111111111111
100000000000100000000000100000000000100000000000000000000000100000000000000000000000100000000000000000000001100000000001100000000000000000000001100000000000000000000000000000000001100000000001100000000000000000000000000000000001000000000001000000000000000000000000000000000000000000000000000000000001
100000000000111111111111100000000000100000000000100000000000111111111111111111111111100000000000100000000001111111111111111111111111000000000001111111111111000000000000111111111111111111111111111111111111111111111111000000000001000000000001000000000001111111111111111111111111111111111111111111111111
100000000000000000000000100000000000100000000000100000000000100000000000000000000000000000000000100000000000000000000000000000000000000000000001100000000000000000000001100000000000000000000000000000000001000000000000000000000001000000000001000000000001000000000000000000000001000000000000000000000001
100000000000000000000000100000000000100000000000100000000000100000000000000000000000000000000001100000000000000000000000000000000000000000000001100000000000000000000001100000000000000000000000000000000001000000000000000000000001000000000001000000000001000000000000000000000001000000000000000000000001
10000000000010000000000010000000000010000000000010000000000010000000000011111111111111111111111111111111111111111111111110000000000111111111111111111111111111111111111110000000000100000000000100000000000100000000000111111111111100000000000111111111111100000000000100000000000100000000000100000000000
100000000000100000000000000000000000100000000000100000000000100000000000000000000000000000000000000000000000000000000001100000000001100000000000000000000000000000000000000000000001100000000001100000000001000000000001000000000001000000000000000000000000000000000001000000000000000000000001000000000001
100000000000110000000000000000000000100000000000100000000000100000000000000000000000000000000000000000000000000000000001100000000001100000000000000000000000000000000000000000000001100000000001100000000001000000000001000000000001000000000000000000000000000000000001000000000000000000000011000000000001
100000000000111111111111111111111111100000000000111111111111111111111111111111111111111111111111111111111111100000000000111111111111100000000001111111111111111111111111111111111111100000000001111111111111000000000001000000000001111111111111111111111111111111111111111111111111111111111111000000000001
100000000000000000000000100000000000100000000000000000000000000000000000100000000000000000000000000000000001100000000000000000000000000000000001100000000001100000000000000000000001100000000000000000000001000000000000000000000001000000000000000000000000000000000000000000000001000000000000000000000001
110000000000000000000000100000000000100000000000000000000000000000000000100000000000000000000000000000000001100000000000000000000000000000000001100000000001100000000000000000000001100000000000000000000001100000000000000000000001000000000000000000000000000000000000000000000001000000000000000000000001
111111111111100000000000100000000000100000000000111111111111100000000000100000000000111111111111100000000000111111111111111111111111111111111111000000000001100000000001100000000001111111111111000000000001111111111111000000000001000000000001111111111111111111111111000000000001000000000001000000000001
100000000000100000000000100000000000100000000000100000000000000000000000100000000000100000000000100000000000000000000000000000000000000000000000000000000001100000000001100000000001100000000000000000000001000000000000000000000000000000000001000000000000000000000001000000000001000000000001000000000001
100000000000100000000000100000000000100000000000100000000000000000000000100000000000100000000000100000000000000000000000000000000000000000000000000000000001100000000001100000000001100000000000000000000001000000000000000000000000000000000001000000000000000000000001000000000001000000000001000000000001
100000000000100000000000100000000000100000000000100000000000000000000000100000000000100000000000100000000000000000000000000000000000000000000000000000000001100000000001100000000001100000000000000000000001000000000000000000000000000000000001000000000000000000000001000000000001000000000001000000000001
100000000000100000000000100000000000100000000000100000000000111111111111100000000000100000000000111111111111100000000000111111111111111111111111111111111111100000000001100000000001100000000001111111111111000000000001111111111111111111111111000000000001000000000001111111111111000000000001000000000001
100000000000100000000000100000000000000000000000100000000000000000000000000000000000000000000000100000000001100000000001100000000000000000000000000000000001100000000001100000000001100000000000000000000000000000000001000000000000000000000000000000000001000000000000000000000000000000000001000000000001
100000000000100000000000100000000000000000000000100000000000000000000000000000000000000000000000100000000001100000000001100000000000000000000000000000000001100000000001100000000001100000000000000000000000000000000001000000000000000000000000000000000001000000000000000000000000000000000001000000000001
100000000000100000000000111111111111111111111111111111111111111111111111111111111111100000000000100000000001100000000001100000000000111111111111100000000001100000000001100000000001111111111111111111111111111111111111000000000001111111111111111111111111111111111111111111111111111111111111000000000001
100000000000000000000000100000000000000000000000000000000000100000000000000000000001100000000000000000000001100000000000000000000000000000000001100000000001100000000001100000000000000000000000000000000000000000000001000000000001000000000000000000000000000000000000000000000000000000000011000000000001
100000000000000000000000100000000000000000000000000000000000100000000000000000000000100000000000000000000001100000000000000000000000000000000001100000000001100000000001100000000000000000000000000000000000000000000001000000000001000000000000000000000000000000000000000000000000000000000001000000000001
100000000000111111111111100000000000111111111111100000000000100000000000100000000000111111111111100000000000111111111111111111111111111111111111100000000001100000000001111111111111111111111111111111111111000000000001000000000001111111111111000000000001111111111111111111111111000000000001000000000001
100000000000100000000000000000000000100000000000100000000000000000000000100000000000000000000000100000000000000000000001100000000000000000000001100000000001100000000001100000000000000000000001100000000001000000000001000000000000000000000001000000000000000000000000000000000001000000000001000000000001
100000000000100000000000000000000000100000000000100000000000000000000000100000000000000000000000100000000000000000000001100000000000000000000001100000000001100000000001100000000000000000000001100000000001000000000001000000000000000000000001000000000000000000000000000000000001000000000001000000000001
100000000000100000000000000000000000100000000000100000000000000000000000100000000000000000000000100000000000000000000001100000000000000000000001100000000001100000000001100000000000000000000001100000000001000000000001000000000000000000000001000000000000000000000000000000000001000000000001000000000001
100000000000100000000000111111111111100000000000111111111111111111111111111111111111100000000000111111111111111111111111000000000001100000000000000000000001100000000001100000000001100000000000000000000001000000000001000000000001000000000001000000000001111111111111000000000001000000000001000000000001
100000000000000000000000100000000000000000000000100000000000000000000000000000000000100000000000100000000000000000000000000000000001100000000000000000000001100000000001100000000001100000000000000000000001000000000001000000000001000000000001000000000000000000000001000000000001000000000001000000000001
100000000000000000000000100000000000000000000000100000000000000000000000000000000000100000000000100000000000000000000000000000000001100000000000000000000001100000000001100000000001100000000000000000000001000000000001000000000001000000000001000000000000000000000001000000000001000000000001000000000001
110000000000000000000000100000000000000000000000100000000000000000000000000000000000100000000000100000000000000000000000000000000001100000000000000000000001100000000001100000000001100000000000000000000001000000000001000000000001000000000001000000000000000000000001000000000001000000000001000000000001
111111111111111111111111100000000000111111111111100000000000100000000000111111111111100000000000100000000000111111111111111111111111100000000000111111111111100000000001100000000001111111111111111111111111000000000001111111111111000000000001111111111111000000000001000000000001111111111111000000000001
110000000000000000000000000000000000000000000000000000000000100000000000000000000000000000000000000000000001100000000000000000000000000000000001100000000000000000000001100000000000000000000000000000000000000000000000000000000000000000000001000000000000000000000001000000000000000000000000000000000001
110000000000000000000000000000000000000000000000000000000000100000000000000000000000000000000000000000000001100000000000000000000000000000000001100000000000000000000001100000000000000000000000000000000000000000000000000000000000000000000001000000000000000000000001000000000000000000000000000000000011
111111111111111111111111111111111111111111111111111111111111111111111111111111111111111111111111111111111111111111111111111111111111111111111111100000000001111111111111111111111111111111111111111111111111111111111111111111111111111111111111111111111111111111111111111111111111111111111111111111111111
